camera_forward_direction = [ 0.97798484563827515, -0.54024922847747803, 0.040948305279016495 ]
camera_position = [ -2.5999999046325684, 3.0999999046325684, -0.60000002384185791 ]
far_plane = 100.0
near_plane = 0.10000000149011612
sky_colour = [ 0.059999998658895493, 0.059999998658895493, 0.11999999731779099 ]
vertical_fov = 69.351997375488281